-11.88988095238095  2.4318950106058796
-9.346666666666668  2.2587029240685994
-10.778928571428573  2.524002558369696
-13.044535714285717  5.8164730249046475
-6.0492857142857135  4.78325722930587
-6.396130952380953  7.65556473601282
-3.6562142857142863  3.8125908731122755
11.607162698412699  4.227406759261421
21.525476190476187  3.2144527421730085
29.73857142857143  1.6123096743756575
34.463571428571434  1.2181377404591727
34.88880952380952  1.243415881770938
30.69872294372294  2.572704203594327
24.673690476190473  3.2767266381784395
14.735476190476186  3.1472293574387074
8.167738095238096  1.3140552392967786
5.240119047619047  0.8211766882775225
5.072261904761905  3.8894633107143077
20.776785714285715  8.838437498329322
46.09302116402115  24.492166906066068
17.315857142857144  31.099740128637453
-17.190857142857144  7.086702463736136
-16.862952380952382  17.473252724478474
-15.45142857142857  2.5721629542956306
