-11.113829365079367  4.799594824231702
-17.467738095238094  4.620072703342256
-19.397327380952383  9.335300048243573
-18.51508333333333  20.870005702740176
-7.412000000000002  12.407396664893085
4.204083333333334  24.584612843193025
-3.8026726190476183  7.197103514037238
6.6253650793650785  8.046156238997579
16.354999999999997  nan
31.68485714285714  0.5933204729936997
30.26207792207792  0.7116337522929881
26.4102380952381  2.1011640764563047
19.13833333333334  1.2813376928977642
13.910238095238098  2.0802914589337123
8.946785714285715  0.9359877908992356
6.964285714285713  1.1049868408118475
9.020714285714284  1.0289846752826808
11.846071428571427  2.0542856352618153
15.509880952380955  3.954775908844581
7.78297222222222  8.73601861131636
14.713571428571429  28.874767490302805
-14.507238095238094  9.778475610571567
-18.086666666666662  2.6768765431395756
-22.92488095238095  2.2889446700467797
