66.84761904761903  27.108164659716557
46.24166666666667  33.225518535334665
30.590476190476192  50.99557270365879
-32.615039682539695  149.8964394455734
28.426190476190474  78.7560946390519
10.402083333333335  116.31354955228967
-32.06837301587302  127.96380993370856
-36.04424603174603  62.211860119566616
-41.114285714285714  10.744632348492297
-47.05714285714285  18.868095992499857
-52.80833333333334  15.234669545263213
-47.93333333333333  11.994226089785368
-44.96774891774892  26.228164730473225
-43.86904761904761  17.440977948842136
-45.64761904761905  18.49694988979877
-31.42857142857143  17.748117044551154
-2.2380952380952404  19.317255912912355
6.989285714285715  27.690790767346545
-32.71527777777777  136.80573824951412
123.77682539682539  226.303481903642
-10.15357142857143  88.42646241907669
121.26782312925171  52.90479183192984
46.882380952380956  276.140299271646
84.04404761904762  22.971543627622093
