45.54940476190476  48.379361606821675
72.38690476190477  67.3839337331652
189.47799603174602  198.98580853602837
289.8324999999999  657.8637213285726
403.7266666666667  343.0752455851826
-3.0075000000000047  357.5469478465057
-3.4758333333333282  196.20682500498128
-8.654126984126984  67.16582937809636
-2.625  nan
-20.848571428571432  12.421683641511562
-22.284415584415584  10.090449019246794
-25.58928571428572  5.778451831231503
-35.46904761904762  13.7123332394422
-36.90238095238096  13.932107887155643
-22.370238095238093  14.5082836786416
-14.346428571428573  16.472293176303214
2.154761904761903  10.624119011094743
21.239285714285717  39.126998932381014
-2.300000000000004  101.02249258170751
-0.30599206349206415  61.02505746028985
-23.821428571428573  172.17646678418544
143.41650793650794  98.20963231108205
122.23809523809523  27.153482768675712
97.53809523809524  14.44716088501822
